1698
648
114   16.273   26.124   44.866
115   15.190   26.089   44.301
116   16.481   26.556   47.302
117   16.558   26.158   48.766
118   17.835   25.436   49.147
119   18.340   25.613   50.548
120   17.322   25.234   51.566
121   15.898   24.771   46.392
122   19.160   25.044   50.682
123   18.598   26.576   50.692
124   16.475   26.992   49.335
125   15.770   25.561   48.984
126   17.069   26.041   52.098
127   16.513   24.870   51.106
128   17.704   24.538   52.173
129   18.571   25.729   48.499
130   17.696   24.436   48.977
131   18.762   25.468   46.212
132   15.612   27.081   47.172
133   17.238   27.221   47.125
134   17.380   26.698   44.394
135   17.379   27.311   43.044
136   17.186   26.110   42.105
137   16.024   25.914   41.614
138   18.546   28.190   42.804
139   18.893   28.759   41.448
140   18.189   30.037   41.087
141   18.391   30.543   39.683
142   19.698   30.111   39.103
143   16.609   27.903   42.966
144   17.648   30.201   39.096
145   18.355   31.550   39.683
146   19.900   28.918   41.410
147   18.685   28.058   40.737
148   20.158   30.902   38.703
149   20.266   29.721   39.826
150   19.533   29.425   38.396
151   18.487   30.767   41.734
152   17.188   29.910   41.238
153   18.194   26.682   45.010
154   19.401   27.693   43.147
155   18.479   29.003   43.460
156   18.198   25.280   41.901
157   18.045   24.098   41.047
158   16.597   23.577   41.010
159   16.119   23.150   39.923
160   19.079   25.527   42.380
161   18.335   24.325   40.105
162   18.650   23.360   41.384
163   15.935   23.579   42.145
164   14.578   23.107   42.349
165   13.545   23.835   41.517
166   12.673   23.199   40.883
167   14.154   23.138   43.815
168   16.510   23.981   42.959
169   14.542   22.114   42.114
170   14.859   22.704   44.374
171   14.034   24.086   44.106
172   13.292   22.644   43.922
173   13.612   25.170   41.542
174   12.645   25.922   40.721
175   12.946   25.845   39.218
176   12.048   25.963   38.345
177   12.445   27.394   41.221
178   13.625   28.121   40.755
179   12.185   27.480   42.718
180   11.725   25.529   40.879
181   12.276   26.571   43.132
182   12.847   28.102   43.143
183   14.323   25.582   42.124
184   11.644   27.779   40.769
185   11.258   27.825   42.883
186   14.449   27.594   40.968
187   14.211   25.663   38.911
188   14.705   25.553   37.535
189   14.194   24.247   36.918
190   13.977   24.075   35.708
191   16.226   25.529   37.750
192   17.088   26.421   36.920
193   16.796   27.901   37.109
194   18.545   26.167   37.372
195   18.904   25.380   36.878
196   19.091   26.975   37.170
197   18.552   25.987   38.352
198   14.856   25.601   39.741
199   15.887   28.112   36.749
200   16.827   28.127   38.083
201   17.481   28.443   36.620
202   14.343   26.316   37.003
203   16.968   26.191   35.936
204   16.527   24.575   37.603
205   16.386   25.755   38.724
206   14.087   23.267   37.793
207   13.670   21.928   37.420
208   12.129   21.937   37.315
209   11.609   21.377   36.354
210   14.007   20.880   38.450
211   13.547   19.533   38.047
212   12.255   19.134   38.313
213   14.410   18.695   37.349
214   11.796   17.887   37.916
215   13.973   17.423   36.937
216   12.674   17.019   37.255
217   12.362   16.099   37.009
218   14.009   21.752   36.504
219   10.854   17.612   38.100
220   14.591   16.824   36.426
221   14.327   23.535   38.777
222   15.333   18.987   37.138
223   11.632   19.747   38.798
224   13.557   21.123   39.294
225   14.988   20.856   38.554
226   11.546   22.527   38.320
227   10.067   22.642   38.282
228    9.718   23.483   37.048
229    8.926   22.957   36.258
230    9.488   23.016   39.575
231    8.655   24.253   39.730
232    9.433   25.490   40.087
233    8.754   26.605   40.843
234    7.873   27.469   40.024
235    9.682   21.739   38.177
236    8.206   26.201   41.601
237    9.468   27.186   41.281
238    8.152   24.425   38.862
239    7.953   24.092   40.449
240    7.969   27.227   39.058
241    6.921   27.339   40.306
242    8.129   28.428   40.153
243    9.820   25.891   39.216
244   10.265   25.203   40.629
245   12.121   22.876   39.071
246   10.257   23.080   40.274
247    8.914   22.221   39.922
248   10.353   24.600   36.757
249   10.133   25.427   35.620
250   10.569   24.905   34.237
251    9.782   25.125   33.279
252   10.598   26.929   35.771
253   12.050   26.995   35.816
254    9.847   27.697   36.837
255    9.117   25.640   35.551
256    9.990   27.270   37.735
257   10.174   28.646   36.873
258   11.097   24.845   37.501
259   10.282   27.442   34.954
260    8.864   27.700   36.631
261   12.376   26.674   36.707
262   11.730   24.279   34.100
263   12.235   23.757   32.854
264   12.282   22.279   32.620
265   12.721   21.968   31.482
266   13.669   24.287   32.603
267   13.551   25.832   32.818
268   14.776   26.510   32.300
269   14.877   26.130   30.880
270   15.594   26.837   30.000
271   16.096   28.024   30.300
272   15.762   26.351   28.770
273   13.462   25.999   33.788
274   11.676   24.192   32.077
275   14.396   25.323   30.570
276   12.758   26.150   32.322
277   16.280   26.878   28.097
278   15.374   25.466   28.524
279   12.268   24.194   35.012
280   15.557   26.172   32.774
281   14.663   27.475   32.362
282   16.611   28.538   29.617
283   15.959   28.409   31.215
284   13.897   24.139   31.693
285   14.246   23.944   33.276
286   11.871   21.375   33.491
287   12.047   19.943   33.197
288   10.848   19.083   33.592
289   10.752   17.972   33.088
290   13.165   19.376   34.124
291   14.703   20.328   34.175
292   11.440   21.732   34.348
293   12.187   19.847   32.195
294   13.371   18.448   33.805
295   12.785   19.327   35.050
296   14.514   21.247   34.520
297   10.120   19.651   34.515
298    8.967   19.088   35.138
299    7.874   18.796   34.115
300    7.298   17.692   34.194
301    8.450   19.974   36.300
302    7.422   19.164   37.122
303    8.036   17.829   37.568
304    6.998   19.996   38.328
305    6.902   20.953   38.055
306    6.123   19.659   38.675
307    7.691   19.922   39.044
308   10.482   20.631   34.780
309    8.635   17.487   36.847
310    8.562   17.973   38.404
311    7.304   17.172   37.739
312    9.217   18.214   35.581
313    6.625   18.987   36.554
314    7.993   20.729   35.919
315    9.194   20.174   36.877
316    7.637   19.753   33.204
317    6.621   19.405   32.214
318    6.951   17.998   31.695
319    6.024   17.255   31.400
320    6.514   20.320   30.995
321    7.926   20.628   30.458
322    8.342   21.888   31.240
323    8.514   19.909   30.695
324    5.742   19.358   32.671
325    7.865   20.847   29.527
326    8.148   20.594   33.265
327    6.100   21.170   31.260
328    6.015   19.862   30.286
329    9.068   23.315   29.607
330    8.115   21.927   32.451
331    8.813   22.879   30.464
332    8.927   23.382   31.329
333    8.215   17.625   31.512
334    8.415   16.282   30.958
335    8.945   15.219   31.859
336    9.018   14.110   31.271
337    9.415   16.378   29.819
338    8.894   17.591   28.618
339    8.934   18.271   31.759
340    7.495   15.970   30.588
341    9.469   15.497   29.377
342   10.285   16.653   30.191
343    8.372   18.321   29.069
344    9.364   15.548   33.082
345   10.015   14.508   33.884
346    9.723   14.554   35.378
347    9.551   15.568   36.042
348   11.558   14.548   33.746
349   12.336   14.430   32.498
350    9.205   16.499   33.379
351    9.706   13.598   33.528
352   11.940   13.819   34.425
353   11.881   15.439   34.236
354   12.937   15.370   31.741
355   12.513   12.310   32.320
356   13.806   12.760   30.222
357   13.458   13.443   30.854
358   12.733   13.190   31.954
359   13.646   14.773   30.735
360   12.874   16.372   31.894
443    5.728    7.881   36.127
444    6.488    8.478   34.973
445    6.795    9.702   35.057
446    4.257    8.379   36.129
447    4.351    9.652   36.937
448    5.313    9.307   38.068
449    4.714   10.393   36.380
450    5.708    6.851   36.062
451    4.816    8.958   38.865
452    5.847   10.109   38.338
453    3.457    9.902   37.299
454    3.669    7.719   36.572
455    3.954    8.566   35.206
456    6.778    7.703   33.913
458    6.332    9.403   32.284
459    5.140    9.165   32.535
460    7.916    7.638   31.594
461    8.340    6.257   31.913
462    6.547    6.751   33.945
463    8.169    8.950   33.145
464    8.698    8.122   31.174
465    7.176    7.593   30.907
466    7.891    5.084   31.445
467    9.932    6.644   33.243
468   10.137    4.183   33.454
469    9.493    4.663   32.863
470    9.365    5.968   32.764
471    8.631    4.107   32.049
472    7.157    4.945   30.782
473    6.792   10.416   31.620
474    5.943   11.458   30.995
475    6.380   11.578   29.545
476    6.281   10.574   28.783
477    5.957   12.762   31.787
478    5.553   12.447   33.253
479    4.822   13.584   33.879
480    5.495   14.918   33.700
481    4.842   16.027   34.486
482    5.000   11.158   31.031
483    6.460   14.850   33.990
484    5.483   15.173   32.723
485    4.974   11.630   33.240
486    6.391   12.251   33.765
487    4.717   15.724   35.427
488    5.432   16.830   34.461
489    3.960   16.237   34.074
490    4.723   13.411   34.870
491    3.895   13.642   33.481
492    7.846   10.459   31.546
493    5.292   13.367   31.418
494    6.860   13.120   31.798
495    6.830   12.731   29.107
496    7.302   12.789   27.687
497    8.673   12.081   27.765
498    9.129   11.387   26.866
499    7.436   14.284   27.332
500    8.207   14.539   26.057
501    6.059   14.927   27.350
502    6.708   12.240   27.154
503    8.748   13.730   25.820
504    5.928   15.453   26.509
505    7.946   14.726   28.081
506    7.570   14.739   25.310
507    8.822   15.320   26.183
508    6.838   13.513   29.735
509    5.361   14.213   27.412
510    5.988   15.535   28.141
511    9.235   12.367   28.925
512   10.536   11.990   29.402
513   10.455   10.896   30.463
514    9.413   10.739   31.103
515    8.569   12.967   29.547
516   11.104   11.656   28.633
517   11.006   12.794   29.799
1104   21.522   22.179   28.541
1105   22.092   20.176   30.950
1106   21.605   19.034   31.800
1107   21.067   19.676   33.082
1108   20.482   18.303   31.063
1109   20.145   18.878   30.319
1110   20.834   17.445   30.691
1111   19.737   18.111   31.701
1112   23.407   18.339   30.023
1113   20.492   19.017   33.565
1114   21.834   19.943   33.664
1115   20.528   20.483   32.846
1116   21.113   19.711   29.173
1117   22.352   18.440   32.028
1118   21.524   20.976   31.163
1119   23.040   20.371   31.220
1120   23.643   21.477   28.452
1121   24.047   22.708   27.722
1122   23.409   22.662   26.324
1123   23.101   23.662   25.677
1124   25.647   22.753   27.526
1125   26.242   22.459   28.835
1126   26.165   24.095   27.023
1127   23.684   23.491   28.209
1128   25.613   24.838   27.409
1129   27.120   24.216   27.302
1130   24.312   20.754   28.733
1131   25.894   22.022   26.892
1132   26.108   24.127   26.022
1133   25.776   21.675   29.243
1134   23.347   21.443   25.792
1135   22.871   21.232   24.417
1136   22.555   19.791   24.069
1137   23.339   19.141   23.342
1138   23.993   21.765   23.499
1139   23.432   22.004   22.123
1140   22.004   21.762   24.325
1141   23.654   20.675   26.412
1142   24.697   21.082   23.451
1143   24.315   22.614   23.872
1144   22.697   21.151   21.615
1145   23.781   23.148   21.551
1146   23.437   23.377   20.630
1147   24.384   23.787   22.026
1148   21.399   19.332   24.458
1149   20.998   17.977   24.254
1150   21.131   17.410   22.885
1151   21.351   16.161   22.827
1152   19.590   17.876   24.845
1153   19.552   18.973   25.893
1154   20.451   20.074   25.347
1155   18.617   19.305   26.012
1156   21.477   17.355   24.948
1157   20.950   20.531   26.078
1158   19.932   20.737   24.818
1159   19.900   18.630   26.764
1160   19.441   16.985   25.268
1161   18.895   18.038   24.147
1162   21.092   18.152   21.820
1163   21.142   17.578   20.450
1164   22.552   17.471   19.916
1165   22.889   16.688   18.985
1166   20.110   18.239   19.527
1167   18.712   17.614   19.656
1168   17.557   18.289   18.920
1169   16.181   17.755   19.330
1170   14.983   18.436   18.737
1171   20.726   16.655   20.485
1172   16.139   16.760   19.093
1173   16.109   17.802   20.350
1174   18.769   16.639   19.341
1175   18.475   17.566   20.653
1176   14.883   18.149   17.787
1177   14.171   18.178   19.257
1178   15.115   19.424   18.782
1179   17.670   18.141   17.937
1180   17.582   19.271   19.113
1181   21.023   19.179   21.981
1182   20.412   18.129   18.590
1183   20.042   19.197   19.767
1184   23.410   18.255   20.546
1185   24.839   18.245   20.160
1186   25.433   16.997   20.810
1187   26.114   16.151   20.221
1188   25.548   19.536   20.553
1189   26.596   19.948   19.524
1190   26.367   21.316   18.927
1191   26.451   21.340   17.380
1192   26.658   22.786   16.942
1193   24.902   18.162   19.181
1194   27.222   20.806   17.093
1195   25.605   21.012   17.008
1196   27.506   19.931   19.967
1197   26.605   19.262   18.781
1198   26.606   22.823   15.950
1199   25.943   23.342   17.350
1200   27.553   23.083   17.256
1201   27.057   21.953   19.276
1202   25.456   21.644   19.184
1203   23.029   18.845   21.290
1204   26.003   19.394   21.421
1205   24.875   20.258   20.617
1206   25.040   16.808   22.051
1230   21.032   13.366   20.575
1231   22.271   12.194   22.734
1232   23.120   12.121   24.013
1233   21.776   10.826   22.162
1234   22.458   11.411   25.219
1235   23.883   12.353   21.299
1236   21.426   10.988   21.249
1237   22.551   10.207   22.142
1238   21.491   12.755   22.909
1239   23.976   11.643   23.803
1240   23.349   13.056   24.296
1241   22.106   10.534   24.912
1242   23.152   14.979   22.453
1243   23.146   11.282   25.924
1244   21.063   10.486   22.762
1245   21.720   11.985   25.554
1247   22.208   13.865   18.112
1260   20.033   13.268   17.410
1261   18.893   12.350   17.183
1262   18.084   12.224   18.442
1263   16.934   11.775   18.391
1264   20.019   14.258   17.171
1265   18.328   12.718   16.442
1266   19.251   11.456   16.909
1267   18.636   12.666   19.568
1268   17.786   12.530   20.786
1269   16.456   13.203   20.483
1270   16.544   14.181   19.709
1271   18.402   13.355   22.006
1272   17.543   12.886   23.071
1273   18.356   14.832   21.744
1274   17.632   11.565   20.943
1275   18.821   15.049   20.878
1276   17.402   15.148   21.683
1277   19.546   13.047   19.540
1278   19.310   13.027   22.157
1279   18.812   15.334   22.487
1280   17.990   13.024   23.958
1281   15.367   12.818   21.122
1282   14.091   13.547   20.839
1283   13.734   14.471   21.986
1284   12.587   14.903   22.046
1285   12.922   12.597   20.620
1286   12.546   11.931   21.953
1287   11.552   10.784   21.861
1288   11.456    9.993   23.151
1289   10.404    8.928   23.026
1290   14.224   14.086   20.003
1291   12.332    9.560   23.339
1292   11.208   10.605   23.896
1293   13.399   11.589   22.390
1294   12.165   12.644   22.570
1295    9.631    9.294   22.513
1296   10.791    8.144   22.545
1297   10.108    8.655   23.939
1298   11.840   10.167   21.129
1299   10.650   11.158   21.648
1300   15.446   12.051   21.770
1301   13.195   11.895   19.995
1302   12.149   13.109   20.307
1303   14.640   14.688   22.930
1304   14.271   15.570   24.074
1305   14.326   16.972   23.470
1306   15.362   17.347   22.940
1307   14.973   15.346   25.362
1308   15.715   16.494   26.028
1309   16.127   16.039   27.733
1310   16.689   17.717   28.237
1311   16.553   16.695   25.501
1312   17.376   17.615   28.947
1313   17.073   18.169   27.440
1314   15.903   18.219   28.580
1315   14.298   14.976   26.061
1316   15.132   17.319   26.011
1317   15.539   14.242   22.825
1318   13.348   15.372   24.317
1319   15.656   14.569   25.250
1320   13.228   17.671   23.522
1321   13.042   19.014   23.004
1322   13.261   20.080   24.080
1323   12.428   20.690   24.707
1324   11.668   19.095   22.355
1325   12.421   17.150   24.005
1326   13.708   19.175   22.259
1327   11.051   19.618   22.943
1328   11.744   19.548   21.467
1329   11.304   18.173   22.227
1330   14.549   20.361   24.247
1331   15.076   21.336   25.200
1332   16.128   22.183   24.542
1333   16.937   21.648   23.747
1334   15.508   20.497   26.425
1335   16.052   21.359   27.528
1336   15.179   22.116   28.317
1337   17.416   21.404   27.771
1338   15.666   22.961   29.318
1339   17.897   22.210   28.768
1340   17.049   22.989   29.535
1341   17.417   23.582   30.255
1342   14.312   21.941   25.444
1343   15.049   23.520   29.852
1344   18.907   22.238   28.949
1345   15.186   19.801   23.610
1346   18.035   20.851   27.221
1347   14.198   22.054   28.167
1348   16.215   19.887   26.130
1349   14.714   20.031   26.758
1350   16.192   23.488   24.761
1351   17.262   24.294   24.097
1352   18.596   24.190   24.852
1353   19.695   24.268   24.271
1354   15.494   23.887   25.384
1355   17.381   23.960   23.158
1356   16.969   25.253   24.064
1357   18.566   24.018   26.163
1358   19.782   23.828   26.929
1359   19.979   24.963   27.905
1360   19.460   26.084   27.764
1361   17.616   24.031   26.585
1362   19.730   22.956   27.433
1363   20.571   23.782   26.303
1364   20.777   24.600   28.900
1365   21.088   25.642   29.902
1366   22.517   26.161   29.629
1367   23.530   25.499   29.932
1368   20.905   25.170   31.265
1369   19.945   24.255   31.893
1370   20.764   23.244   32.740
1371   19.135   25.089   32.877
1372   19.724   25.385   33.629
1373   18.765   25.892   32.409
1374   18.383   24.540   33.240
1375   21.116   23.662   28.916
1376   21.004   23.673   33.605
1377   20.206   22.436   32.900
1378   21.588   22.999   32.237
1379   20.455   26.395   29.783
1380   19.440   23.742   31.215
1381   20.884   26.065   31.888
1382   21.883   24.808   31.587
1383   22.481   27.359   29.130
1384   23.653   28.170   28.808
1385   24.315   28.779   30.030
1386   25.359   29.477   29.925
1387   23.109   29.288   27.902
1388   22.306   28.721   26.716
1389   22.853   27.459   26.138
1390   22.753   27.256   24.648
1391   22.950   25.797   24.284
1392   24.331   27.581   28.329
1393   21.851   27.540   24.328
1394   23.457   27.792   24.185
1395   21.354   28.565   27.033
1396   22.267   29.436   25.997
1397   22.921   25.255   25.118
1398   22.219   25.522   23.668
1399   23.834   25.698   23.838
1400   22.392   26.661   26.594
1401   23.845   27.381   26.399
1402   21.495   27.729   28.963
1403   23.873   29.797   27.541
1404   22.508   29.858   28.435
1405   23.796   28.565   31.210
1406   24.388   29.143   32.418
1407   24.787   28.132   33.493
1408   23.977   27.444   34.123
1409   23.615   30.261   33.051
1410   23.713   31.541   32.234
1411   22.723   32.537   32.841
1412   22.413   33.637   31.793
1413   21.451   34.558   32.469
1414   25.222   29.671   32.148
1415   23.237   34.110   31.586
1416   21.990   33.221   31.022
1417   24.620   31.908   32.308
1418   23.453   31.359   31.306
1419   20.698   34.025   32.851
1420   21.923   35.047   33.201
1421   21.097   35.211   31.802
1422   23.131   32.966   33.622
1423   21.886   32.074   33.054
1424   22.948   27.966   31.228
1425   23.985   30.443   33.952
1426   22.659   30.006   33.107
1427   26.108   28.158   33.667
1428   26.876   27.331   34.598
1429   26.214   27.279   35.960
1442   25.853   28.436   36.518
1443   25.164   28.392   37.833
1444   23.957   27.443   37.702
1445   23.888   26.457   38.430
1446   24.642   29.652   38.424
1447   25.512   30.515   39.283
1448   26.266   31.623   38.549
1449   26.999   32.582   39.504
1450   27.338   33.878   38.831
1451   25.789   28.024   38.507
1452   26.408   32.764   40.289
1453   27.841   32.142   39.814
1454   24.944   30.951   40.009
1455   26.198   29.934   39.762
1456   27.298   33.752   37.842
1457   26.679   34.573   39.111
1458   28.258   34.154   39.100
1459   25.616   32.157   38.012
1460   26.944   31.208   37.945
1461   26.070   29.280   36.012
1462   23.796   29.420   38.975
1463   24.285   30.244   37.653
1464   23.108   27.831   36.756
1465   21.897   27.080   36.420
1466   22.253   25.603   36.401
1467   21.664   24.828   37.153
1468   21.409   27.554   35.054
1469   21.142   29.043   35.102
1470   20.631   29.439   36.155
1471   21.481   29.768   34.178
1472   23.377   28.718   36.271
1473   21.249   27.219   37.163
1474   20.573   27.086   34.846
1475   22.115   27.377   34.397
1476   23.228   25.312   35.588
1515   22.092   24.722   40.743
1526   21.034   23.271   39.123
