1698
23
175   12.946   25.845   39.218
176   12.048   25.963   38.345
249   10.133   25.427   35.620
250   10.569   24.905   34.237
251    9.782   25.125   33.279
262   11.730   24.279   34.100
317    6.621   19.405   32.214
318    6.951   17.998   31.695
319    6.024   17.255   31.400
333    8.215   17.625   31.512
334    8.415   16.282   30.958
1320   13.228   17.671   23.522
1321   13.042   19.014   23.004
1322   13.261   20.080   24.080
1323   12.428   20.690   24.707
1330   14.549   20.361   24.247
1331   15.076   21.336   25.200
1332   16.128   22.183   24.542
1333   16.937   21.648   23.747
1350   16.192   23.488   24.761
1351   17.262   24.294   24.097
1384   23.653   28.170   28.808
1386   25.359   29.477   29.925
