1698
20
249   10.133   25.629   35.321
250   10.672   25.072   34.044
251   10.232   25.548   32.992
262   11.703   24.261   34.015
317    6.860   19.494   31.860
318    7.021   18.087   31.310
319    5.899   17.586   30.908
333    8.202   17.515   31.375
334    8.422   16.240   30.756
1321   13.204   18.785   22.751
1322   13.413   19.916   23.775
1323   12.501   20.651   24.238
1330   14.695   20.103   24.123
1331   15.115   21.110   25.094
1332   16.361   21.760   24.515
1333   17.315   21.059   24.157
1350   16.348   23.068   24.368
1351   17.433   23.796   23.807
1352   18.706   23.729   24.609
1353   19.746   23.690   23.932
