1698
432
1   35.986   18.278   40.101
2   35.468   17.854   38.732
3   35.761   19.079   37.843
4   36.902   19.595   37.865
17   34.712   19.555   37.225
18   34.668   20.794   36.409
19   33.208   21.266   36.571
20   32.595   21.906   35.687
32   32.680   20.865   37.713
33   31.333   20.988   38.233
34   31.450   21.263   39.744
35   32.155   20.408   40.367
52   30.743   22.248   40.261
53   30.774   22.550   41.696
54   29.326   22.775   42.128
55   28.518   23.244   41.314
74   29.100   22.481   43.401
75   27.762   22.566   43.998
76   27.251   24.015   43.988
77   28.060   24.941   44.216
84   25.921   24.086   43.913
85   25.213   25.328   43.892
86   24.116   25.191   44.904
87   24.193   24.548   45.991
91   23.025   25.823   44.587
92   21.839   25.925   45.398
93   20.859   24.842   44.901
94   20.243   24.972   43.829
102   20.621   23.919   45.836
103   19.596   22.882   45.578
104   18.229   23.551   45.541
105   17.301   23.040   44.869
112   17.973   24.549   46.312
113   16.638   25.149   46.312
114   16.504   25.815   44.929
115   15.429   25.830   44.388
134   17.531   26.564   44.557
135   17.438   27.261   43.241
136   17.216   26.256   42.121
137   16.435   26.453   41.148
156   17.899   25.169   42.250
157   17.904   23.944   41.332
158   16.534   23.349   41.334
159   16.117   23.017   40.157
163   15.804   23.303   42.396
164   14.427   22.766   42.470
165   13.542   23.619   41.592
166   12.719   22.931   40.942
173   13.661   24.896   41.635
174   12.766   25.796   40.852
175   13.159   25.822   39.382
176   12.274   26.061   38.546
187   14.419   25.533   39.163
188   14.872   25.389   37.781
189   14.171   24.148   37.262
190   13.624   24.128   36.124
206   14.206   23.097   37.985
207   13.548   21.796   37.573
208   12.129   22.002   37.210
209   11.552   21.713   36.159
226   11.406   22.677   38.152
227    9.974   22.964   38.001
228    9.718   23.755   36.780
229    8.883   23.390   35.933
248   10.388   24.835   36.532
249   10.133   25.629   35.321
250   10.672   25.072   34.044
251   10.232   25.548   32.992
262   11.703   24.261   34.015
263   12.349   23.791   32.778
264   12.314   22.324   32.475
265   12.411   21.938   31.278
286   12.150   21.481   33.444
287   12.118   20.036   33.245
288   10.817   19.265   33.588
289   10.641   18.192   33.049
297   10.053   19.729   34.524
298    8.846   19.140   35.099
299    7.757   18.884   33.983
300    7.047   17.883   34.161
316    7.834   19.678   32.990
317    6.860   19.494   31.860
318    7.021   18.087   31.310
319    5.899   17.586   30.908
333    8.202   17.515   31.375
334    8.422   16.240   30.756
335    8.819   15.063   31.575
336    8.972   13.901   31.187
344    9.299   15.402   32.824
345    9.921   14.432   33.747
346    9.521   14.582   35.208
347    9.181   15.642   35.715
361    9.580   13.438   35.830
362    9.412   13.300   37.319
363   10.778   12.844   37.892
364   11.601   12.348   37.158
375   10.985   13.131   39.180
376   12.238   12.701   39.804
377   12.111   11.699   40.943
378   13.087   11.025   41.330
391   10.941   11.599   41.431
392   10.662   10.761   42.600
393   10.703    9.276   42.322
394   10.345    8.754   41.310
406   11.086    8.546   43.357
407   11.083    7.054   43.265
408    9.641    6.645   43.129
409    8.825    7.063   43.914
428    9.302    5.847   42.107
429    7.857    5.509   41.981
430    7.042    6.523   41.224
431    5.782    6.460   41.218
435    7.729    7.505   40.642
436    7.200    8.554   39.783
437    7.070    7.859   38.375
438    7.875    6.990   38.008
442    6.066    8.335   37.683
443    5.874    7.817   36.344
444    6.680    8.462   35.277
445    7.143    9.607   35.263
456    6.794    7.720   34.136
457    7.304    8.255   32.879
458    6.246    9.219   32.400
459    5.015    8.855   32.522
473    6.730   10.261   31.745
474    5.760   11.165   31.032
475    6.192   11.203   29.602
476    6.515   10.147   28.983
495    6.366   12.450   29.065
496    7.024   12.645   27.778
497    8.406   12.045   27.814
498    8.916   11.334   26.907
511    9.093   12.456   28.932
512   10.377   11.893   29.282
513   10.289   10.890   30.426
514    9.319   10.779   31.154
518   11.398   10.092   30.575
519   11.418    9.083   31.593
520   11.592    9.628   33.023
521   12.122   10.691   33.119
532   11.066    8.885   33.914
533   11.283    9.209   35.351
534   12.821    9.173   35.494
535   13.499    8.312   34.926
546   13.372   10.168   36.232
547   14.801   10.169   36.439
548   15.337    9.650   37.792
549   16.570    9.786   38.030
565   14.511    9.091   38.632
566   15.089    8.541   39.891
567   16.178    7.579   39.545
568   16.035    6.722   38.598
582   17.288    7.666   40.335
583   18.449    6.836   40.168
584   19.266    7.024   38.951
585   20.078    6.169   38.692
589   19.152    8.131   38.247
590   19.864    8.418   37.014
591   21.370    8.444   37.163
592   22.167    8.040   36.305
608   21.774    8.962   38.293
609   23.247    9.048   38.570
610   23.877    7.687   38.700
611   23.374    6.863   39.462
628   24.906    7.473   37.937
629   25.604    6.173   37.891
630   25.052    5.126   36.910
631   25.653    4.066   36.721
635   23.896    5.378   36.364
636   23.219    4.446   35.389
637   23.598    4.940   34.038
638   24.068    6.114   33.894
659   23.527    4.054   33.051
660   23.853    4.463   31.674
661   22.512    4.926   31.067
662   21.409    4.629   31.603
676   22.674    5.669   29.998
677   21.533    6.198   29.231
678   20.726    5.027   28.580
679   21.264    3.974   28.290
687   19.422    5.261   28.497
688   18.526    4.250   27.883
689   18.146    3.053   28.695
690   17.738    2.017   28.108
694   18.141    3.065   30.004
695   17.929    1.867   30.833
696   16.768    1.837   31.805
697   16.554    0.884   32.637
711   16.031    2.948   31.856
712   14.782    2.981   32.642
713   13.778    1.995   31.925
714   13.457    1.994   30.705
721   13.177    1.089   32.734
722   12.267    0.146   32.047
723   10.896    0.763   31.823
724   10.435    1.622   32.577
736   10.290    0.364   30.639
737    8.991    0.819   30.282
738    8.954    2.120   29.522
739    7.851    2.669   29.400
743   10.119    2.588   29.126
744   10.235    3.799   28.349
745   10.854    3.496   26.990
746   11.816    2.818   26.779
764   10.199    4.159   25.988
765   10.661    4.069   24.632
766   11.639    5.125   24.195
767   11.444    6.238   23.660
775   12.927    4.848   24.497
776   14.022    5.773   24.115
777   14.252    5.777   22.596
778   13.963    4.731   22.001
796   14.900    6.754   22.042
797   15.389    6.810   20.729
798   16.651    5.862   20.645
799   17.198    5.508   21.651
810   16.907    5.463   19.376
811   18.031    4.625   19.040
812   19.325    5.370   19.561
813   20.095    4.579   20.071
822   19.373    6.632   19.278
823   20.432    7.597   19.588
824   20.857    7.655   21.042
825   22.066    7.609   21.424
832   19.854    7.736   21.913
833   20.193    7.765   23.366
834   20.799    6.478   23.850
835   21.850    6.406   24.571
846   20.191    5.395   23.513
847   20.662    4.079   23.929
848   22.095    3.691   23.551
849   22.716    2.953   24.326
865   22.490    4.001   22.357
866   23.741    3.638   21.697
867   24.859    4.614   22.071
868   26.003    4.293   21.845
887   24.421    5.700   22.615
888   25.311    6.754   23.095
889   25.944    6.231   24.407
890   27.125    6.479   24.699
909   25.261    5.379   25.116
910   25.613    4.685   26.317
911   26.348    5.608   27.284
912   27.307    5.074   27.782
923   25.839    6.820   27.487
924   26.445    7.671   28.517
925   26.293    7.191   29.963
926   25.234    6.706   30.448
939   27.424    7.296   30.727
940   27.336    6.987   32.146
941   27.057    8.399   32.746
942   27.835    9.376   32.675
958   25.915    8.483   33.392
959   25.455    9.744   33.932
960   26.098   10.063   35.295
961   25.827    9.411   36.273
982   26.874   11.090   35.228
983   27.647   11.603   36.445
984   27.311   13.084   36.447
985   26.862   13.536   35.353
994   27.437   13.757   37.558
995   27.152   15.238   37.614
996   27.839   15.980   36.545
997   27.463   17.057   35.939
1009   28.936   15.437   36.020
1010   29.778   16.089   35.012
1011   29.346   16.023   33.518
1012   29.510   16.918   32.684
1023   28.911   14.870   33.070
1024   28.379   14.449   31.769
1025   27.048   15.190   31.498
1026   26.672   15.752   30.497
1037   26.366   15.118   32.652
1038   25.046   15.787   32.825
1039   25.147   17.248   32.534
1040   24.277   17.802   31.874
1054   26.227   17.883   32.956
1055   26.408   19.332   32.694
1056   26.572   19.650   31.215
1057   25.992   20.608   30.700
1065   27.359   18.782   30.551
1066   27.674   18.983   29.156
1067   26.365   18.680   28.328
1068   26.056   19.370   27.426
1080   25.708   17.633   28.787
1081   24.402   17.262   28.169
1082   23.445   18.445   28.206
1083   22.851   18.976   27.194
1101   23.182   18.989   29.406
1102   22.279   20.092   29.626
1103   22.628   21.359   28.917
1104   21.778   22.218   28.547
1120   23.905   21.467   28.485
1121   24.274   22.636   27.711
1122   23.583   22.710   26.370
1123   23.299   23.758   25.850
1134   23.436   21.522   25.787
1135   22.916   21.323   24.437
1136   22.786   19.837   24.185
1137   23.734   19.186   23.657
1148   21.609   19.343   24.591
1149   21.230   17.954   24.502
1150   21.471   17.296   23.130
1151   22.118   16.264   23.117
1162   20.990   17.962   22.092
1163   21.119   17.457   20.709
1164   22.502   17.464   20.115
1165   22.858   16.682   19.272
1184   23.345   18.359   20.688
1185   24.769   18.458   20.276
1186   25.399   17.263   20.946
1187   26.161   16.611   20.196
1206   25.064   16.946   22.167
1207   25.609   15.813   22.937
1208   25.142   14.432   22.488
1209   25.915   13.475   22.412
1227   23.823   14.291   22.231
1228   23.178   13.036   21.696
1229   22.394   13.364   20.462
1230   21.166   13.693   20.375
1246   23.116   13.385   19.335
1247   22.514   13.812   18.093
1248   21.426   12.682   17.785
1249   21.738   11.501   17.768
1260   20.256   13.248   17.540
1261   19.095   12.372   17.275
1262   18.177   12.158   18.446
1263   17.195   11.387   18.419
1267   18.483   12.741   19.644
1268   17.663   12.523   20.845
1269   16.365   13.166   20.581
1270   16.412   14.169   19.849
1281   15.249   12.688   21.062
1282   14.005   13.327   20.900
1283   13.621   14.240   22.007
1284   12.523   14.771   22.076
1303   14.631   14.424   22.904
1304   14.434   15.458   24.002
1305   14.520   16.838   23.391
1306   15.651   17.186   23.004
1320   13.343   17.448   23.292
1321   13.204   18.785   22.751
1322   13.413   19.916   23.775
1323   12.501   20.651   24.238
1330   14.695   20.103   24.123
1331   15.115   21.110   25.094
1332   16.361   21.760   24.515
1333   17.315   21.059   24.157
1350   16.348   23.068   24.368
1351   17.433   23.796   23.807
1352   18.706   23.729   24.609
1353   19.746   23.690   23.932
1357   18.584   23.841   25.927
1358   19.857   23.839   26.719
1359   19.860   24.953   27.791
1360   19.145   25.954   27.659
1364   20.752   24.787   28.710
1365   20.994   25.686   29.858
1366   22.466   26.151   29.674
1367   23.360   25.392   29.983
1383   22.574   27.314   29.095
1384   23.900   27.851   28.760
1385   24.708   28.320   29.909
1386   25.928   28.200   29.687
1405   24.158   28.764   30.978
1406   24.972   29.262   32.108
1407   25.326   28.121   32.999
1408   24.500   27.317   33.432
1427   26.643   28.033   33.220
1428   27.169   27.055   34.125
1429   26.519   27.190   35.536
1430   26.317   26.208   36.223
1442   26.253   28.381   35.962
1443   25.714   28.547   37.319
1444   24.333   27.903   37.472
1445   24.046   27.334   38.502
1464   23.582   28.021   36.428
1465   22.196   27.380   36.316
1466   22.257   25.875   36.344
1467   21.544   25.180   37.056
1476   23.155   25.351   35.481
1477   23.442   23.933   35.481
1478   23.929   23.450   36.868
1479   23.413   22.376   37.263
1500   24.822   24.201   37.520
1501   25.324   23.743   38.836
1502   24.188   23.668   39.822
1503   24.160   22.616   40.497
1514   23.363   24.713   39.875
1515   22.207   24.698   40.669
1516   21.313   23.439   40.343
1517   20.978   22.685   41.251
1526   20.953   23.276   39.114
1527   20.035   22.170   38.754
1528   20.605   20.840   39.080
1529   19.936   20.007   39.708
1545   21.819   20.548   38.741
1546   22.468   19.268   39.017
1547   22.583   19.006   40.527
1548   22.510   17.874   41.061
1564   22.784   20.120   41.254
1565   22.859   20.047   42.728
1566   21.532   19.439   43.246
1567   21.526   18.635   44.187
1578   20.409   19.906   42.745
1579   19.044   19.504   43.021
1580   18.784   18.089   42.488
1581   18.320   17.190   43.266
1599   19.291   17.851   41.284
1600   19.111   16.440   40.798
1601   19.898   15.423   41.617
1602   19.271   14.353   41.936
1618   21.157   15.719   41.900
1619   22.002   14.846   42.745
1620   21.268   14.387   43.983
1621   21.313   13.262   44.476
1640   20.607   15.346   44.602
1641   19.810   15.121   45.801
1642   18.467   14.439   45.653
1643   18.211   13.596   46.533
1662   17.687   14.869   44.675
1663   16.311   14.347   44.559
1664   16.208   13.031   43.856
1665   15.232   12.297   44.118
1672   17.199   12.762   43.105
1673   17.228   11.422   42.383
1674   17.866   10.269   43.117
1675   17.974    9.143   42.660
1683   18.272   10.446   44.344
1684   18.902    9.325   45.070
1685   17.825    8.519   45.796
1686   18.138    7.317   46.010
