1698
293
134   17.531   26.564   44.557
135   17.438   27.261   43.241
136   17.216   26.256   42.121
137   16.435   26.453   41.148
138   18.773   27.934   43.012
139   18.919   28.951   41.921
140   19.116   30.372   42.439
141   18.745   31.396   41.355
142   17.644   30.957   40.456
143   16.661   27.893   43.279
144   18.478   32.259   41.811
145   19.571   31.586   40.802
146   19.713   28.713   41.342
147   18.096   28.940   41.336
148   17.597   31.568   39.666
149   17.821   30.023   40.146
150   16.778   30.986   40.954
151   20.066   30.502   42.677
152   18.526   30.517   43.219
153   18.319   26.625   45.178
154   19.470   27.194   42.851
155   19.053   28.377   43.896
187   14.419   25.533   39.163
188   14.872   25.389   37.781
189   14.171   24.148   37.262
190   13.624   24.128   36.124
191   16.376   25.203   37.580
192   16.957   25.963   36.372
193   16.857   27.440   36.628
194   18.389   25.614   36.014
195   18.614   24.706   36.371
196   18.498   25.613   35.019
197   19.011   26.289   36.413
198   15.018   25.424   39.980
199   17.643   27.749   37.171
200   16.846   27.940   35.758
201   16.013   27.646   37.131
202   14.565   26.168   37.263
203   16.432   25.718   35.564
204   16.552   24.243   37.434
205   16.839   25.538   38.386
248   10.388   24.835   36.532
249   10.133   25.629   35.321
250   10.672   25.072   34.044
251   10.232   25.548   32.992
252   10.605   27.089   35.593
253   12.005   27.098   35.924
254    9.859   27.853   36.667
255    9.112   25.732   35.234
256    9.375   28.633   36.260
257    9.190   27.252   37.115
258   11.107   25.101   37.232
259   10.474   27.634   34.742
260   10.504   28.194   37.357
261   12.148   26.703   36.836
262   11.703   24.261   34.015
263   12.349   23.791   32.778
264   12.314   22.324   32.475
265   12.411   21.938   31.278
266   13.875   24.161   32.744
267   14.080   25.635   33.138
268   14.012   26.407   31.842
269   15.375   26.510   31.312
270   15.619   26.980   30.096
271   16.887   27.178   29.760
272   14.650   27.150   29.193
273   14.964   25.741   33.525
274   11.913   24.306   31.988
275   16.130   26.219   31.881
276   13.351   25.915   33.715
277   14.840   27.515   28.304
278   13.704   26.893   29.439
279   12.047   23.960   34.966
280   13.668   27.305   32.030
281   13.454   25.910   31.208
282   17.087   27.560   28.826
283   17.624   26.968   30.378
284   14.190   24.038   31.830
285   14.331   23.599   33.396
316    7.834   19.678   32.990
317    6.860   19.494   31.860
318    7.021   18.087   31.310
319    5.899   17.586   30.908
320    7.049   20.544   30.807
321    6.284   20.323   29.502
322    7.015   21.106   28.398
323    6.305   19.375   29.274
324    5.949   19.583   32.246
325    5.382   20.684   29.593
326    8.541   20.405   32.987
327    8.032   20.610   30.570
328    6.763   21.443   31.173
329    5.893   20.532   26.504
330    7.962   21.893   28.661
331    6.520   20.912   27.202
332    7.242   21.544   26.884
333    8.202   17.515   31.375
334    8.422   16.240   30.756
335    8.819   15.063   31.575
336    8.972   13.901   31.187
337    9.486   16.462   29.641
338    8.798   17.500   28.291
339    8.925   18.046   31.891
340    7.539   15.988   30.242
341    9.720   15.592   29.265
342   10.244   16.935   30.032
343    9.162   17.176   27.423
495    6.366   12.450   29.065
496    7.024   12.645   27.778
497    8.406   12.045   27.814
498    8.916   11.334   26.907
499    7.037   14.179   27.417
500    7.902   14.384   26.220
501    5.637   14.708   27.267
502    6.487   12.163   27.079
503    7.811   15.325   25.880
504    5.557   15.217   26.407
505    7.451   14.642   28.186
506    8.866   14.220   26.453
507    7.638   13.751   25.485
508    5.992   13.213   29.653
509    4.986   13.946   27.260
510    5.422   15.319   28.033
1134   23.436   21.522   25.787
1135   22.916   21.323   24.437
1136   22.786   19.837   24.185
1137   23.734   19.186   23.657
1138   23.892   21.977   23.460
1139   23.127   22.288   22.197
1140   21.996   21.711   24.416
1141   23.735   20.714   26.400
1142   24.603   21.340   23.255
1143   24.215   22.810   23.852
1144   22.440   21.413   21.637
1145   23.182   23.569   21.810
1146   22.689   23.852   20.976
1147   23.701   24.230   22.337
1162   20.990   17.962   22.092
1163   21.119   17.457   20.709
1164   22.502   17.464   20.115
1165   22.858   16.682   19.272
1166   20.218   18.305   19.789
1167   18.811   17.780   20.075
1168   17.749   18.420   19.161
1169   16.401   17.804   19.581
1170   15.402   17.871   18.504
1171   20.754   16.492   20.696
1172   16.563   16.846   19.839
1173   16.068   18.302   20.388
1174   18.796   16.789   19.932
1175   18.573   17.981   21.026
1176   14.523   17.518   18.832
1177   15.283   18.822   18.208
1178   15.706   17.320   17.723
1179   17.931   18.172   18.243
1180   17.721   19.373   19.329
1181   20.519   18.859   22.320
1182   20.443   18.110   18.881
1183   20.270   19.216   20.069
1184   23.345   18.359   20.688
1185   24.769   18.458   20.276
1186   25.399   17.263   20.946
1187   26.161   16.611   20.196
1188   25.394   19.798   20.573
1189   26.776   20.121   20.027
1190   27.058   19.920   18.567
1191   28.515   20.205   18.158
1192   29.065   19.437   17.028
1193   24.818   18.359   19.306
1194   28.589   21.209   17.952
1195   29.105   20.057   18.987
1196   26.991   21.107   20.270
1197   27.469   19.576   20.573
1198   29.671   20.021   16.484
1199   29.586   18.653   17.372
1200   28.318   19.106   16.447
1201   26.467   20.527   18.023
1202   26.853   18.967   18.314
1203   22.920   18.949   21.416
1204   25.433   19.912   21.592
1205   24.756   20.528   20.240
1320   13.343   17.448   23.292
1321   13.204   18.785   22.751
1322   13.413   19.916   23.775
1323   12.501   20.651   24.238
1324   11.871   19.074   22.026
1325   12.535   16.881   23.637
1326   13.888   18.912   22.003
1327   11.569   18.245   21.563
1328   11.192   19.356   22.698
1329   12.016   19.802   21.362
1330   14.695   20.103   24.123
1331   15.115   21.110   25.094
1332   16.361   21.760   24.515
1333   17.315   21.059   24.157
1334   15.326   20.472   26.496
1335   15.929   21.440   27.522
1336   17.281   21.299   27.875
1337   15.174   22.443   28.050
1338   17.820   22.122   28.854
1339   15.689   23.308   29.028
1340   17.008   23.121   29.408
1341   17.413   23.728   30.116
1342   14.410   21.804   25.116
1343   18.760   22.004   29.156
1344   15.120   24.018   29.423
1345   15.364   19.464   23.637
1346   14.225   22.582   27.744
1347   17.840   20.622   27.429
1348   15.949   19.721   26.392
1349   14.448   20.190   26.832
1350   16.348   23.068   24.368
1351   17.433   23.796   23.807
1352   18.706   23.729   24.609
1353   19.746   23.690   23.932
1354   15.456   23.523   24.706
1355   17.623   23.456   22.856
1356   17.166   24.781   23.692
1364   20.752   24.787   28.710
1365   20.994   25.686   29.858
1366   22.466   26.151   29.674
1367   23.360   25.392   29.983
1368   20.746   24.893   31.138
1369   19.411   24.936   31.846
1370   19.349   23.921   32.947
1371   19.207   26.281   32.503
1372   19.308   26.194   33.496
1373   19.886   26.934   32.161
1374   18.289   26.625   32.297
1375   21.346   23.904   28.586
1376   18.526   24.065   33.505
1377   19.320   22.994   32.562
1378   20.158   24.000   33.537
1379   20.416   26.468   29.777
1380   18.680   24.755   31.178
1381   21.455   25.184   31.813
1382   20.942   23.912   30.926
1383   22.574   27.314   29.095
1384   23.900   27.851   28.760
1385   24.708   28.320   29.909
1386   25.928   28.200   29.687
1387   23.821   29.015   27.758
1388   22.883   28.696   26.612
1389   23.054   27.232   26.161
1390   22.150   26.671   25.090
1391   22.848   25.559   24.347
1392   24.413   27.113   28.257
1393   21.324   26.304   25.508
1394   21.915   27.389   24.440
1395   21.941   28.824   26.906
1396   23.086   29.287   25.838
1397   23.704   25.908   23.976
1398   23.029   24.812   24.981
1399   22.257   25.246   23.608
1400   22.969   26.640   26.999
1401   24.030   27.118   25.853
1402   21.696   27.813   28.896
1403   24.727   29.169   27.396
1404   23.481   29.809   28.236
1405   24.158   28.764   30.978
1406   24.972   29.262   32.108
1407   25.326   28.121   32.999
1408   24.500   27.317   33.432
1409   24.093   30.269   32.873
1410   23.891   31.499   31.964
1411   22.978   32.542   32.576
1412   22.851   33.810   31.765
1413   23.038   33.583   30.318
1414   25.805   29.674   31.732
1415   21.937   34.209   31.923
1416   23.539   34.475   32.088
1417   24.790   31.910   31.786
1418   23.501   31.187   31.093
1419   22.800   32.637   30.091
1420   22.448   34.205   29.800
1421   23.994   33.752   30.071
1422   23.329   32.781   33.490
1423   22.060   32.140   32.687
1424   23.120   28.756   31.010
1425   24.567   30.552   33.670
1426   23.228   29.865   33.036
1464   23.582   28.021   36.428
1465   22.196   27.380   36.316
1466   22.257   25.875   36.344
1467   21.544   25.180   37.056
1468   21.648   27.873   34.975
1469   21.161   29.268   35.100
1470   20.909   29.896   34.088
1471   21.019   29.744   36.305
1472   23.962   28.585   35.638
1473   21.695   27.696   37.131
1474   20.902   27.279   34.720
1475   22.385   27.833   34.319
