1698
651
114   16.504   25.815   44.929
115   15.429   25.830   44.388
116   16.316   26.236   47.310
117   16.547   25.642   48.721
118   16.367   26.692   49.779
119   16.621   25.894   51.077
120   16.355   26.811   52.219
121   15.961   24.442   46.386
122   15.998   25.135   51.105
123   17.561   25.607   51.090
124   15.888   24.906   48.858
125   17.475   25.280   48.757
126   16.244   27.744   51.876
127   15.519   26.525   52.686
128   17.124   26.777   52.857
129   15.459   26.999   49.792
130   17.050   27.360   49.702
131   18.742   24.888   46.910
132   15.379   26.475   47.240
133   16.932   26.975   47.197
134   17.531   26.564   44.557
135   17.438   27.261   43.241
136   17.216   26.256   42.121
137   16.435   26.453   41.148
138   18.773   27.934   43.012
139   18.919   28.951   41.921
140   19.116   30.372   42.439
141   18.745   31.396   41.355
142   17.644   30.957   40.456
143   16.661   27.893   43.279
144   18.478   32.259   41.811
145   19.571   31.586   40.802
146   19.713   28.713   41.342
147   18.096   28.940   41.336
148   17.597   31.568   39.666
149   17.821   30.023   40.146
150   16.778   30.986   40.954
151   20.066   30.502   42.677
152   18.526   30.517   43.219
153   18.319   26.625   45.178
154   19.470   27.194   42.851
155   19.053   28.377   43.896
156   17.899   25.169   42.250
157   17.904   23.944   41.332
158   16.534   23.349   41.334
159   16.117   23.017   40.157
160   18.535   25.150   43.120
161   18.163   24.254   40.426
162   18.576   23.308   41.690
163   15.804   23.303   42.396
165   13.542   23.619   41.592
166   12.719   22.931   40.942
167   13.804   22.653   43.858
168   16.274   23.696   43.270
169   14.437   21.833   42.123
170   14.491   22.324   44.505
171   13.475   23.550   44.149
172   13.039   22.011   43.828
173   13.661   24.896   41.635
174   12.766   25.796   40.852
175   13.159   25.822   39.382
176   12.274   26.061   38.546
177   12.545   27.195   41.466
178   13.787   27.885   41.318
179   12.172   27.257   42.955
180   11.830   25.439   40.932
181   11.910   28.193   43.194
182   11.405   26.639   43.132
183   14.414   25.276   42.244
184   11.843   27.677   40.930
185   12.959   26.979   43.507
186   14.549   27.230   41.268
187   14.419   25.533   39.163
188   14.872   25.389   37.781
189   14.171   24.148   37.262
190   13.624   24.128   36.124
191   16.376   25.203   37.580
192   16.957   25.963   36.372
193   16.857   27.440   36.628
194   18.389   25.614   36.014
195   18.614   24.706   36.371
196   18.498   25.613   35.019
197   19.011   26.289   36.413
198   15.018   25.424   39.980
199   17.643   27.749   37.171
200   16.846   27.940   35.758
201   16.013   27.646   37.131
202   14.565   26.168   37.263
203   16.432   25.718   35.564
204   16.552   24.243   37.434
205   16.839   25.538   38.386
206   14.206   23.097   37.985
207   13.548   21.796   37.573
208   12.129   22.002   37.210
209   11.552   21.713   36.159
210   13.774   20.682   38.541
211   13.241   19.351   37.980
212   11.928   18.962   38.119
213   14.103   18.591   37.221
214   11.535   17.701   37.685
215   13.708   17.347   36.670
216   12.413   16.926   36.912
217   12.084   16.055   36.534
218   14.052   21.500   36.753
219   10.628   17.347   37.925
220   14.351   16.814   36.136
221   14.716   23.163   38.894
222   15.038   18.912   37.043
223   11.259   19.569   38.523
224   13.278   20.857   39.364
225   14.733   20.561   38.684
226   11.406   22.677   38.152
227    9.974   22.964   38.001
228    9.718   23.755   36.780
229    8.883   23.390   35.933
230    9.376   23.594   39.203
231    9.200   22.585   40.354
232    8.584   23.336   41.574
233    9.447   23.179   42.809
234    8.730   23.462   44.052
235    9.484   22.080   37.950
236    9.805   22.232   42.832
237   10.242   23.802   42.727
238    8.576   21.880   40.077
239   10.077   22.233   40.617
240    8.693   22.637   44.623
241    9.198   24.189   44.562
242    7.793   23.759   43.849
243    7.688   22.951   41.747
244    8.519   24.296   41.337
245   11.967   22.964   38.979
246    8.476   23.951   38.985
247    9.968   24.318   39.535
248   10.388   24.835   36.532
249   10.133   25.629   35.321
250   10.672   25.072   34.044
251   10.232   25.548   32.992
252   10.605   27.089   35.593
253   12.005   27.098   35.924
254    9.859   27.853   36.667
255    9.112   25.732   35.234
256    9.375   28.633   36.260
257    9.190   27.252   37.115
258   11.107   25.101   37.232
259   10.474   27.634   34.742
260   10.504   28.194   37.357
261   12.148   26.703   36.836
262   11.703   24.261   34.015
263   12.349   23.791   32.778
264   12.314   22.324   32.475
265   12.411   21.938   31.278
266   13.875   24.161   32.744
267   14.080   25.635   33.138
268   14.012   26.407   31.842
269   15.375   26.510   31.312
270   15.619   26.980   30.096
271   14.661   27.201   29.210
272   16.891   27.192   29.732
273   14.964   25.741   33.525
274   11.913   24.306   31.988
275   16.130   26.219   31.881
276   13.351   25.915   33.715
277   17.091   27.528   28.811
278   17.629   27.015   30.377
279   12.047   23.960   34.966
280   13.668   27.305   32.030
281   13.454   25.910   31.208
282   14.879   27.537   28.298
283   13.702   27.030   29.459
284   14.190   24.038   31.830
285   14.331   23.599   33.396
286   12.150   21.481   33.444
287   12.118   20.036   33.245
288   10.817   19.265   33.588
289   10.641   18.192   33.049
290   13.216   19.324   33.954
291   14.820   20.193   34.106
292   12.040   21.914   34.397
293   12.324   19.847   32.247
294   13.400   18.444   33.481
295   12.911   19.098   34.895
296   14.684   21.029   34.631
297   10.053   19.729   34.524
298    8.846   19.140   35.099
299    7.757   18.884   33.983
300    7.047   17.883   34.161
301    8.307   19.974   36.239
302    7.072   19.408   36.910
303    7.555   18.293   37.747
304    6.370   20.490   37.661
305    5.492   20.155   38.017
306    6.932   20.800   38.435
307    6.193   21.275   37.059
308   10.405   20.695   34.899
309    7.338   18.455   38.718
310    7.124   17.424   37.470
311    8.554   18.189   37.662
312    9.068   18.251   35.501
313    6.453   19.081   36.216
314    8.071   20.870   35.883
315    9.016   20.048   36.931
316    7.834   19.678   32.990
317    6.860   19.494   31.860
318    7.021   18.087   31.310
319    5.899   17.586   30.908
320    7.049   20.544   30.807
321    6.284   20.323   29.502
322    7.015   21.106   28.398
323    6.305   19.375   29.274
324    5.949   19.583   32.246
325    5.382   20.684   29.593
326    8.541   20.405   32.987
327    8.032   20.610   30.570
328    6.763   21.443   31.173
329    5.893   20.532   26.504
330    7.962   21.893   28.661
331    6.520   20.912   27.202
332    7.242   21.544   26.884
333    8.202   17.515   31.375
334    8.422   16.240   30.756
335    8.819   15.063   31.575
336    8.972   13.901   31.187
337    9.486   16.462   29.641
338    8.798   17.500   28.291
339    8.925   18.046   31.891
340    7.539   15.988   30.242
341    9.720   15.592   29.265
342   10.244   16.935   30.032
343    9.162   17.176   27.423
344    9.299   15.402   32.824
345    9.921   14.432   33.747
346    9.521   14.582   35.208
347    9.181   15.642   35.715
348   11.445   14.621   33.774
349   12.284   14.427   32.540
350    9.177   16.411   33.047
351    9.655   13.495   33.436
352   11.833   13.998   34.511
353   11.645   15.576   34.135
354   12.812   15.356   31.664
355   12.519   12.345   32.614
356   13.821   12.621   30.520
357   13.398   13.359   31.090
358   12.722   13.218   32.132
359   13.539   14.675   30.748
360   12.670   16.339   31.719
458    6.246    9.219   32.400
459    5.015    8.855   32.522
460    7.646    7.198   31.854
461    8.242    5.924   32.374
462    6.478    6.731   34.258
463    8.133    8.757   33.063
464    8.300    7.590   31.175
465    6.804    6.954   31.331
466    8.042    4.602   32.059
467    9.607    6.816   33.743
468   10.213    4.445   34.339
469    9.557    4.773   33.630
470    9.250    5.982   33.365
471    8.883    3.836   32.816
472    7.381    4.267   31.381
473    6.730   10.261   31.745
474    5.760   11.165   31.032
475    6.192   11.203   29.602
476    6.515   10.147   28.983
477    5.636   12.440   31.843
478    5.146   12.177   33.258
479    4.715   13.464   33.951
480    5.665   14.606   33.820
481    5.397   15.593   34.890
482    4.862   10.760   31.111
483    6.602   14.276   33.908
484    5.543   15.045   32.933
485    4.364   11.553   33.223
486    5.883   11.757   33.788
487    5.626   16.511   34.564
488    4.428   15.562   35.141
489    5.955   15.377   35.693
490    4.578   13.260   34.934
491    3.816   13.737   33.571
492    7.726   10.404   31.752
493    4.985   13.040   31.394
494    6.528   12.870   31.898
495    6.366   12.450   29.065
496    7.024   12.645   27.778
497    8.406   12.045   27.814
498    8.916   11.334   26.907
499    7.037   14.179   27.417
500    7.902   14.384   26.220
501    5.637   14.708   27.267
502    6.487   12.163   27.079
503    7.811   15.325   25.880
504    5.557   15.217   26.407
505    7.451   14.642   28.186
506    8.866   14.220   26.453
507    7.638   13.751   25.485
508    5.992   13.213   29.653
509    4.986   13.946   27.260
510    5.422   15.319   28.033
511    9.093   12.456   28.932
512   10.377   11.893   29.282
513   10.289   10.890   30.426
514    9.319   10.779   31.154
515    8.599   13.188   29.471
516   10.780   11.432   28.471
517   11.016   12.638   29.546
1083   22.851   18.976   27.194
1084   23.869   15.976   28.800
1085   22.515   15.491   28.277
1086   21.456   15.356   29.172
1087   22.307   15.243   26.906
1088   20.169   15.011   28.695
1089   21.062   14.772   26.471
1090   20.030   14.689   27.355
1091   18.812   14.238   26.867
1092   24.579   17.021   27.213
1093   19.398   15.005   29.312
1094   20.948   14.502   25.514
1095   26.132   17.118   29.556
1096   23.031   15.401   26.261
1097   21.590   15.498   30.141
1098   23.776   16.122   29.788
1099   24.536   15.244   28.640
1100   18.499   13.480   27.433
1104   21.778   22.218   28.547
1105   21.949   20.355   31.146
1106   21.236   19.183   31.782
1107   20.983   19.445   33.255
1108   19.951   18.782   31.133
1109   19.473   19.591   30.776
1110   20.127   18.151   30.371
1111   19.353   18.324   31.798
1112   23.715   18.518   30.192
1113   20.460   18.686   33.647
1114   21.856   19.529   33.737
1115   20.464   20.294   33.362
1116   21.338   19.798   29.326
1117   21.800   18.360   31.685
1118   21.365   21.135   31.174
1119   22.804   20.489   31.598
1121   24.274   22.636   27.711
1122   23.583   22.710   26.370
1123   23.299   23.758   25.850
1124   25.833   22.719   27.489
1125   26.288   22.619   28.774
1126   26.114   24.043   26.794
1127   24.024   23.466   28.247
1128   25.631   24.075   25.915
1129   25.800   24.803   27.369
1130   24.522   20.704   28.741
1131   26.093   21.922   26.955
1132   27.099   24.139   26.631
1133   26.018   21.739   29.208
1134   23.436   21.522   25.787
1135   22.916   21.323   24.437
1136   22.786   19.837   24.185
1137   23.734   19.186   23.657
1138   23.892   21.977   23.460
1139   23.127   22.288   22.197
1140   21.996   21.711   24.416
1141   23.735   20.714   26.400
1142   24.603   21.340   23.255
1143   24.215   22.810   23.852
1144   22.440   21.413   21.637
1145   23.182   23.569   21.810
1146   22.689   23.852   20.976
1147   23.701   24.230   22.337
1148   21.609   19.343   24.591
1149   21.230   17.954   24.502
1150   21.471   17.296   23.130
1151   22.118   16.264   23.117
1152   19.768   17.979   24.995
1153   19.733   19.090   26.037
1154   20.579   20.140   25.292
1155   18.825   19.410   26.167
1156   21.691   17.400   25.233
1157   20.999   20.776   25.938
1158   20.017   20.646   24.641
1159   20.178   18.808   26.854
1160   19.518   17.106   25.408
1161   19.144   18.187   24.244
1162   20.990   17.962   22.092
1163   21.119   17.457   20.709
1164   22.502   17.464   20.115
1165   22.858   16.682   19.272
1166   20.218   18.305   19.789
1167   18.811   17.780   20.075
1168   17.749   18.420   19.161
1169   16.401   17.804   19.581
1170   15.402   17.871   18.504
1171   20.754   16.492   20.696
1172   16.563   16.846   19.839
1173   16.068   18.302   20.388
1174   18.796   16.789   19.932
1175   18.573   17.981   21.026
1176   14.523   17.518   18.832
1177   15.283   18.822   18.208
1178   15.706   17.320   17.723
1179   17.931   18.172   18.243
1180   17.721   19.373   19.329
1181   20.519   18.859   22.320
1182   20.443   18.110   18.881
1183   20.270   19.216   20.069
1184   23.345   18.359   20.688
1185   24.769   18.458   20.276
1186   25.399   17.263   20.946
1187   26.161   16.611   20.196
1188   25.394   19.798   20.573
1189   26.776   20.121   20.027
1190   27.058   19.920   18.567
1191   28.515   20.205   18.158
1192   29.065   19.437   17.028
1193   24.818   18.359   19.306
1194   28.589   21.209   17.952
1195   29.105   20.057   18.987
1196   26.991   21.107   20.270
1197   27.469   19.576   20.573
1198   29.671   20.021   16.484
1199   29.586   18.653   17.372
1200   28.318   19.106   16.447
1201   26.467   20.527   18.023
1202   26.853   18.967   18.314
1203   22.920   18.949   21.416
1204   25.433   19.912   21.592
1205   24.756   20.528   20.240
1206   25.064   16.946   22.167
1207   25.609   15.813   22.937
1230   21.166   13.693   20.375
1231   22.322   12.257   22.644
1232   22.952   12.314   24.061
1233   22.187   10.847   22.135
1234   22.357   11.336   25.098
1235   23.942   12.452   21.431
1236   22.391   10.827   21.155
1237   22.829   10.255   22.624
1238   21.429   12.682   22.709
1239   23.932   12.127   23.976
1240   22.841   13.246   24.412
1241   22.561   10.407   24.809
1242   23.257   15.150   22.438
1243   22.771   11.523   25.982
1244   21.251   10.526   22.289
1245   21.374   11.479   25.139
1247   22.514   13.812   18.093
1248   21.426   12.682   17.785
1260   20.256   13.248   17.540
1261   19.095   12.372   17.275
1262   18.177   12.158   18.446
1263   17.195   11.387   18.419
1264   20.219   14.260   17.547
1265   18.568   12.769   16.491
1266   19.446   11.469   16.941
1267   18.483   12.741   19.644
1268   17.663   12.523   20.845
1269   16.365   13.166   20.581
1270   16.412   14.169   19.849
1271   18.412   13.043   22.126
1272   17.504   12.770   23.174
1273   18.774   14.470   21.923
1274   17.542   11.543   20.955
1275   18.094   15.077   22.357
1276   19.677   14.671   22.326
1277   19.327   13.335   19.620
1278   19.234   12.492   22.244
1279   18.812   14.693   20.939
1280   17.861   13.106   24.056
1281   15.249   12.688   21.062
1282   14.005   13.327   20.900
1283   13.621   14.240   22.007
1284   12.523   14.771   22.076
1285   12.818   12.340   20.824
1286   12.617   11.472   22.006
1287   11.533   10.407   21.722
1288   11.555    9.327   22.735
1289   10.360    8.454   22.850
1290   14.016   13.868   20.019
1291   12.376    8.720   22.565
1292   11.737    9.740   23.667
1293   13.461   10.990   22.235
1294   12.314   12.010   22.790
1295    9.699    8.874   23.472
1296    9.943    8.339   21.948
1297   10.633    7.561   23.208
1298   11.711   10.030   20.817
1299   10.649   10.868   21.733
1300   15.371   11.773   21.586
1301   12.966   11.765   20.006
1302   11.987   12.892   20.668
1303   14.631   14.424   22.904
1304   14.434   15.458   24.002
1305   14.520   16.838   23.391
1306   15.651   17.186   23.004
1307   15.475   15.324   25.136
1308   15.596   16.482   26.159
1309   16.264   16.032   27.666
1310   16.900   17.626   28.192
1311   16.136   17.234   25.677
1312   17.739   17.834   27.688
1313   16.218   18.335   28.009
1314   17.098   17.599   29.172
1315   15.276   14.469   25.662
1316   14.641   16.895   26.239
1317   15.450   13.868   22.792
1318   13.521   15.314   24.365
1319   16.398   15.187   24.716
1320   13.343   17.448   23.292
1321   13.204   18.785   22.751
1322   13.413   19.916   23.775
1323   12.501   20.651   24.238
1324   11.871   19.074   22.026
1325   12.535   16.881   23.637
1326   13.888   18.912   22.003
1327   11.569   18.245   21.563
1328   11.192   19.356   22.698
1329   12.016   19.802   21.362
1330   14.695   20.103   24.123
1331   15.115   21.110   25.094
1332   16.361   21.760   24.515
1333   17.315   21.059   24.157
1334   15.326   20.472   26.496
1335   15.929   21.440   27.522
1336   17.281   21.299   27.875
1337   15.174   22.443   28.050
1338   17.820   22.122   28.854
1339   15.689   23.308   29.028
1340   17.008   23.121   29.408
1341   17.413   23.728   30.116
1342   14.410   21.804   25.116
1343   18.760   22.004   29.156
1344   15.120   24.018   29.423
1345   15.364   19.464   23.637
1346   14.225   22.582   27.744
1347   17.840   20.622   27.429
1348   15.949   19.721   26.392
1349   14.448   20.190   26.832
1350   16.348   23.068   24.368
1351   17.433   23.796   23.807
1352   18.706   23.729   24.609
1353   19.746   23.690   23.932
1354   15.456   23.523   24.706
1355   17.623   23.456   22.856
1356   17.166   24.781   23.692
1357   18.584   23.841   25.927
1358   19.857   23.839   26.719
1359   19.860   24.953   27.791
1360   19.145   25.954   27.659
1361   17.672   23.919   26.316
1362   19.957   22.948   27.166
1363   20.627   23.979   26.093
1364   20.752   24.787   28.710
1365   20.994   25.686   29.858
1366   22.466   26.151   29.674
1367   23.360   25.392   29.983
1368   20.746   24.893   31.138
1369   19.411   24.936   31.846
1370   19.349   23.921   32.947
1371   19.207   26.281   32.503
1372   19.308   26.194   33.496
1373   19.886   26.934   32.161
1374   18.289   26.625   32.297
1375   21.346   23.904   28.586
1376   18.526   24.065   33.505
1377   19.320   22.994   32.562
1378   20.158   24.000   33.537
1379   20.416   26.468   29.777
1380   18.680   24.755   31.178
1381   21.455   25.184   31.813
1382   20.942   23.912   30.926
1383   22.574   27.314   29.095
1384   23.900   27.851   28.760
1385   24.708   28.320   29.909
1386   25.928   28.200   29.687
1387   23.821   29.015   27.758
1388   22.883   28.696   26.612
1389   23.054   27.232   26.161
1390   22.150   26.671   25.090
1391   22.848   25.559   24.347
1392   24.413   27.113   28.257
1393   21.324   26.304   25.508
1394   21.915   27.389   24.440
1395   21.941   28.824   26.906
1396   23.086   29.287   25.838
1397   23.704   25.908   23.976
1398   23.029   24.812   24.981
1399   22.257   25.246   23.608
1400   22.969   26.640   26.999
1401   24.030   27.118   25.853
1402   21.696   27.813   28.896
1403   24.727   29.169   27.396
1404   23.481   29.809   28.236
1405   24.158   28.764   30.978
1406   24.972   29.262   32.108
1407   25.326   28.121   32.999
1408   24.500   27.317   33.432
1409   24.093   30.269   32.873
1410   23.891   31.499   31.964
1411   22.978   32.542   32.576
1412   22.851   33.810   31.765
1413   23.038   33.583   30.318
1414   25.805   29.674   31.732
1415   21.937   34.209   31.923
1416   23.539   34.475   32.088
1417   24.790   31.910   31.786
1418   23.501   31.187   31.093
1419   22.800   32.637   30.091
1420   22.448   34.205   29.800
1421   23.994   33.752   30.071
1422   23.329   32.781   33.490
1423   22.060   32.140   32.687
1424   23.120   28.756   31.010
1425   24.567   30.552   33.670
1426   23.228   29.865   33.036
1427   26.643   28.033   33.220
1428   27.169   27.055   34.125
1429   26.519   27.190   35.536
1442   26.253   28.381   35.962
1443   25.714   28.547   37.319
1444   24.333   27.903   37.472
1445   24.046   27.334   38.502
1446   25.684   29.922   37.872
1447   24.967   30.968   37.041
1448   24.190   31.898   37.958
1449   24.513   33.340   37.604
1450   23.933   34.224   38.613
1451   26.347   28.110   37.974
1452   25.503   33.449   37.582
1453   24.126   33.543   36.709
1454   25.635   31.499   36.534
1455   24.333   30.520   36.423
1456   23.660   33.693   39.421
1457   24.604   34.917   38.892
1458   23.124   34.688   38.241
1459   24.462   31.732   38.891
1460   23.224   31.747   37.826
1461   26.433   29.162   35.326
1462   26.636   30.244   38.009
1463   25.240   29.903   38.783
1464   23.582   28.021   36.428
1465   22.196   27.380   36.316
1466   22.257   25.875   36.344
1467   21.544   25.180   37.056
1468   21.648   27.873   34.975
1469   21.161   29.268   35.100
1470   20.909   29.896   34.088
1471   21.019   29.744   36.305
1472   23.962   28.585   35.638
1473   21.695   27.696   37.131
1474   20.902   27.279   34.720
1475   22.385   27.833   34.319
1476   23.155   25.351   35.481
1477   23.442   23.933   35.481
