1698
432
1   34.639   19.002   42.195
2   34.843   18.378   40.856
3   35.099   19.489   39.839
4   35.156   20.689   40.228
17   35.272   19.116   38.576
18   35.456   20.122   37.498
19   34.183   20.996   37.453
20   34.205   22.228   37.234
32   33.048   20.329   37.666
33   31.701   20.919   37.789
34   31.695   21.401   39.270
35   32.094   20.556   40.118
52   31.281   22.612   39.564
53   31.290   23.055   40.988
54   30.229   22.322   41.807
55   30.379   21.113   42.117
74   29.182   22.992   42.209
75   28.091   22.489   43.049
76   27.439   23.745   43.652
77   28.187   24.578   44.208
84   26.119   23.834   43.533
85   25.409   25.009   43.997
86   24.192   24.864   44.844
87   24.004   23.888   45.563
91   23.379   25.913   44.780
92   22.129   25.989   45.527
93   21.104   25.036   44.900
94   20.863   25.063   43.688
102   20.544   24.245   45.765
103   19.566   23.217   45.535
104   18.115   23.648   45.717
105   17.215   22.789   45.570
112   17.888   24.890   46.064
113   16.542   25.482   46.247
114   16.273   26.124   44.866
115   15.190   26.089   44.301
134   17.380   26.698   44.394
135   17.379   27.311   43.044
136   17.186   26.110   42.105
137   16.024   25.914   41.614
156   18.198   25.280   41.901
157   18.045   24.098   41.047
158   16.597   23.577   41.010
159   16.119   23.150   39.923
163   15.935   23.579   42.145
164   14.578   23.107   42.349
165   13.545   23.835   41.517
166   12.673   23.199   40.883
173   13.612   25.170   41.542
174   12.645   25.922   40.721
175   12.946   25.845   39.218
176   12.048   25.963   38.345
187   14.211   25.663   38.911
188   14.705   25.553   37.535
189   14.194   24.247   36.918
190   13.977   24.075   35.708
206   14.087   23.267   37.793
207   13.670   21.928   37.420
208   12.129   21.937   37.315
209   11.609   21.377   36.354
226   11.546   22.527   38.320
227   10.067   22.642   38.282
228    9.718   23.483   37.048
229    8.926   22.957   36.258
248   10.353   24.600   36.757
249   10.133   25.427   35.620
250   10.569   24.905   34.237
251    9.782   25.125   33.279
262   11.730   24.279   34.100
263   12.235   23.757   32.854
264   12.282   22.279   32.620
265   12.721   21.968   31.482
286   11.871   21.375   33.491
287   12.047   19.943   33.197
288   10.848   19.083   33.592
289   10.752   17.972   33.088
297   10.120   19.651   34.515
298    8.967   19.088   35.138
299    7.874   18.796   34.115
300    7.298   17.692   34.194
316    7.637   19.753   33.204
317    6.621   19.405   32.214
318    6.951   17.998   31.695
319    6.024   17.255   31.400
333    8.215   17.625   31.512
334    8.415   16.282   30.958
335    8.945   15.219   31.859
336    9.018   14.110   31.271
344    9.364   15.548   33.082
345   10.015   14.508   33.884
346    9.723   14.554   35.378
347    9.551   15.568   36.042
361    9.645   13.313   35.921
362    9.504   13.141   37.353
363   10.890   12.659   37.842
364   11.775   12.214   37.100
375   11.083   12.816   39.126
376   12.279   12.409   39.855
377   11.916   11.452   40.977
378   12.789   10.628   41.307
391   10.709   11.518   41.523
392   10.353   10.582   42.617
393   10.513    9.132   42.162
394   10.464    8.782   40.987
406   10.712    8.285   43.157
407   10.912    6.832   42.894
408    9.592    6.267   42.406
409    8.530    6.674   42.923
428    9.650    5.359   41.441
429    8.397    4.762   40.931
430    7.718    5.788   40.013
431    6.991    5.360   39.092
435    8.001    7.050   40.281
436    7.479    8.183   39.498
437    7.212    7.686   38.082
438    7.914    6.787   37.543
442    6.176    8.271   37.492
443    5.728    7.881   36.127
444    6.488    8.478   34.973
445    6.795    9.702   35.057
456    6.778    7.703   33.913
457    7.435    8.419   32.791
458    6.332    9.403   32.284
459    5.140    9.165   32.535
473    6.792   10.416   31.620
474    5.943   11.458   30.995
475    6.380   11.578   29.545
476    6.281   10.574   28.783
495    6.830   12.731   29.107
496    7.302   12.789   27.687
497    8.673   12.081   27.765
498    9.129   11.387   26.866
511    9.235   12.367   28.925
512   10.536   11.990   29.402
513   10.455   10.896   30.463
514    9.413   10.739   31.103
518   11.570   10.195   30.594
519   11.654    9.123   31.554
520   11.649    9.690   32.965
521   11.928   10.881   33.157
532   11.278    8.824   33.872
533   11.351    9.091   35.304
534   12.924    9.082   35.445
535   13.548    8.219   34.792
546   13.381   10.080   36.116
547   14.783   10.398   36.326
548   15.358    9.848   37.626
549   16.494   10.162   38.036
565   14.576    9.048   38.319
566   15.055    8.447   39.581
567   16.134    7.391   39.274
568   16.023    6.468   38.459
582   17.164    7.655   40.059
583   18.435    6.917   40.114
584   19.134    7.067   38.759
585   19.667    6.120   38.168
589   19.066    8.305   38.267
590   19.661    8.638   36.973
591   21.161    8.433   37.077
592   21.709    7.575   36.384
608   21.772    9.194   37.947
609   23.203    9.225   38.276
610   23.681    7.833   38.700
611   23.178    7.231   39.679
628   24.661    7.367   37.957
629   25.212    6.042   38.235
630   24.668    5.044   37.216
631   25.245    3.950   37.115
635   23.625    5.398   36.507
636   23.046    4.526   35.468
637   23.576    4.986   34.110
638   24.138    6.082   33.959
659   23.408    4.108   33.152
660   23.758    4.313   31.752
661   22.553    4.934   31.057
662   21.385    4.654   31.377
676   22.856    5.798   30.104
677   21.835    6.530   29.337
678   20.983    5.534   28.549
679   21.528    4.773   27.747
687   19.699    5.535   28.797
688   18.776    4.725   28.019
689   18.252    3.521   28.727
690   17.585    2.712   28.054
694   18.525    3.465   30.024
695   18.084    2.325   30.851
696   16.761    2.414   31.585
697   16.241    1.311   31.931
711   16.201    3.571   31.872
712   14.904    3.584   32.613
713   14.033    2.472   32.076
714   14.057    2.094   30.882
721   13.222    1.854   32.932
722   12.378    0.750   32.450
723   11.009    1.208   31.979
724   10.434    2.122   32.534
736   10.562    0.484   30.982
737    9.252    0.669   30.365
738    9.002    2.096   29.911
739    7.947    2.684   30.189
743    9.999    2.618   29.256
744   10.082    3.904   28.624
745   10.733    3.630   27.259
746   11.715    2.869   27.191
764   10.183    4.208   26.211
765   10.788    3.961   24.888
766   11.712    5.124   24.520
767   11.166    6.213   24.343
775   12.980    4.862   24.363
776   14.050    5.732   24.017
777   14.452    5.612   22.533
778   14.557    4.505   21.939
796   14.771    6.797   21.969
797   15.262    6.808   20.579
798   16.499    5.905   20.598
799   17.204    5.987   21.621
810   16.789    5.167   19.577
811   17.985    4.308   19.539
812   19.217    5.149   19.907
813   20.193    4.607   20.361
822   19.151    6.433   19.607
823   20.244    7.355   19.816
824   20.553    7.501   21.304
825   21.731    7.705   21.635
832   19.505    7.483   22.116
833   19.760    7.662   23.551
834   20.351    6.350   24.071
835   21.139    6.380   25.037
846   19.985    5.239   23.470
847   20.487    3.942   23.946
848   21.895    3.722   23.463
849   22.851    3.384   24.170
865   22.106    3.938   22.197
866   23.426    3.681   21.606
867   24.488    4.633   22.073
868   25.632    4.491   21.566
887   24.233    5.556   22.942
888   25.325    6.497   23.323
889   25.991    5.955   24.595
890   27.150    6.266   24.942
909   25.147    5.186   25.263
910   25.443    4.535   26.532
911   26.602    5.282   27.195
912   27.767    5.032   26.833
923   26.258    6.191   28.071
924   27.259    6.961   28.841
925   26.784    6.804   30.286
926   25.565    6.587   30.454
939   27.716    6.827   31.213
940   27.216    6.680   32.615
941   26.860    8.127   32.945
942   27.566    9.035   32.486
958   25.760    8.240   33.673
959   25.380    9.647   33.979
960   26.131   10.042   35.249
961   25.837    9.530   36.346
982   27.117   10.910   35.032
983   27.861   11.492   36.160
984   27.659   13.009   35.990
985   27.638   13.448   34.842
994   27.561   13.692   37.080
995   27.409   15.131   37.131
996   28.148   15.880   36.058
997   27.732   16.995   35.712
1009   29.189   15.351   35.481
1010   30.046   15.951   34.454
1011   29.558   15.767   33.023
1012   29.418   16.767   32.274
1023   29.319   14.512   32.613
1024   28.835   14.322   31.231
1025   27.412   14.875   31.165
1026   26.959   15.373   30.134
1037   26.737   14.877   32.305
1038   25.376   15.354   32.468
1039   25.248   16.841   32.192
1040   24.227   17.275   31.572
1054   26.236   17.594   32.593
1055   26.312   19.048   32.389
1056   26.621   19.435   30.954
1057   26.209   20.544   30.499
1065   27.320   18.603   30.236
1066   27.640   18.869   28.835
1067   26.351   18.669   28.005
1068   26.153   19.317   26.962
1080   25.627   17.699   28.507
1081   24.347   17.282   27.935
1082   23.322   18.406   28.044
1083   22.854   18.892   27.008
1101   22.948   18.890   29.192
1102   22.070   19.979   29.453
1103   22.398   21.290   28.756
1104   21.522   22.179   28.541
1120   23.643   21.477   28.452
1121   24.047   22.708   27.722
1122   23.409   22.662   26.324
1123   23.101   23.662   25.677
1134   23.347   21.443   25.792
1135   22.871   21.232   24.417
1136   22.555   19.791   24.069
1137   23.339   19.141   23.342
1148   21.399   19.332   24.458
1149   20.998   17.977   24.254
1150   21.131   17.410   22.885
1151   21.351   16.161   22.827
1162   21.092   18.152   21.820
1163   21.142   17.578   20.450
1164   22.552   17.471   19.916
1165   22.889   16.688   18.985
1184   23.410   18.255   20.546
1185   24.839   18.245   20.160
1186   25.433   16.997   20.810
1187   26.114   16.151   20.221
1206   25.040   16.808   22.051
1207   25.472   15.675   22.869
1208   25.029   14.335   22.338
1209   25.875   13.452   22.094
1227   23.753   14.138   22.165
1228   23.138   12.927   21.640
1229   22.265   13.267   20.426
1230   21.032   13.366   20.575
1246   22.929   13.504   19.327
1247   22.208   13.865   18.112
1248   21.138   12.798   17.951
1249   21.278   11.630   18.377
1260   20.033   13.268   17.410
1261   18.893   12.350   17.183
1262   18.084   12.224   18.442
1263   16.934   11.775   18.391
1267   18.636   12.666   19.568
1268   17.786   12.530   20.786
1269   16.456   13.203   20.483
1270   16.544   14.181   19.709
1281   15.367   12.818   21.122
1282   14.091   13.547   20.839
1283   13.734   14.471   21.986
1284   12.587   14.903   22.046
1303   14.640   14.688   22.930
1304   14.271   15.570   24.074
1305   14.326   16.972   23.470
1306   15.362   17.347   22.940
1320   13.228   17.671   23.522
1321   13.042   19.014   23.004
1322   13.261   20.080   24.080
1323   12.428   20.690   24.707
1330   14.549   20.361   24.247
1331   15.076   21.336   25.200
1332   16.128   22.183   24.542
1333   16.937   21.648   23.747
1350   16.192   23.488   24.761
1351   17.262   24.294   24.097
1352   18.596   24.190   24.852
1353   19.695   24.268   24.271
1357   18.566   24.018   26.163
1358   19.782   23.828   26.929
1359   19.979   24.963   27.905
1360   19.460   26.084   27.764
1364   20.777   24.600   28.900
1365   21.088   25.642   29.902
1366   22.517   26.161   29.629
1367   23.530   25.499   29.932
1383   22.481   27.359   29.130
1384   23.653   28.170   28.808
1385   24.315   28.779   30.030
1386   25.359   29.477   29.925
1405   23.796   28.565   31.210
1406   24.388   29.143   32.418
1407   24.787   28.132   33.493
1408   23.977   27.444   34.123
1427   26.108   28.158   33.667
1428   26.876   27.331   34.598
1429   26.214   27.279   35.960
1430   26.010   26.107   36.403
1442   25.853   28.436   36.518
1443   25.164   28.392   37.833
1444   23.957   27.443   37.702
1445   23.888   26.457   38.430
1464   23.108   27.831   36.756
1465   21.897   27.080   36.420
1466   22.253   25.603   36.401
1467   21.664   24.828   37.153
1476   23.228   25.312   35.588
1477   23.682   23.892   35.521
1478   24.109   23.354   36.883
1479   23.838   22.227   37.363
1500   24.799   24.188   37.628
1501   25.259   23.768   38.971
1502   24.046   23.559   39.839
1503   23.765   22.452   40.344
1514   23.328   24.644   39.970
1515   22.092   24.722   40.743
1516   21.160   23.576   40.421
1517   20.598   22.995   41.372
1526   21.034   23.271   39.123
1527   20.105   22.180   38.796
1528   20.701   20.845   39.199
1529   20.049   20.069   39.895
1545   21.891   20.584   38.659
1546   22.470   19.280   38.931
1547   22.407   18.936   40.417
1548   21.883   17.873   40.788
1564   22.979   19.846   41.194
1565   22.949   19.727   42.652
1566   21.589   19.306   43.198
1567   21.446   18.518   44.176
1578   20.553   19.928   42.596
1579   19.175   19.636   43.005
1580   18.860   18.172   42.675
1581   18.248   17.400   43.425
1599   19.257   17.852   41.452
1600   18.976   16.519   40.908
1601   19.686   15.430   41.687
1602   19.144   14.378   41.968
1618   20.950   15.802   41.869
1619   21.882   14.946   42.617
1620   21.012   14.369   43.740
1621   20.666   13.184   43.754
1640   20.571   15.261   44.581
1641   19.725   15.115   45.735
1642   18.330   14.582   45.524
1643   17.803   13.842   46.393
1662   17.643   14.962   44.448
1663   16.247   14.535   44.225
1664   16.103   13.153   43.641
1665   15.088   12.473   43.896
1672   17.076   12.692   42.893
1673   17.089   11.398   42.222
1674   17.891   10.300   42.898
1675   18.297    9.342   42.200
1683   18.107   10.433   44.185
1684   18.861    9.552   45.064
1685   18.431    8.093   45.045
1686   19.006    7.327   45.864
